Room Name: Auditorium
Subjects Present: {'bba': 49, 'coop': 49, 'chemistry': 25, 'maths': 25, 'physics': 16, 'cs': 16}
Students Present: 180
Faculty Requirement: 6
Faculty Present: [{1: 'John Doe'}, {29: 'Scarlett Walker'}, {28: 'Mason Turner'}, {30: 'Lucas Lewis'}, {20: 'Lily Harris'}, {31: 'Hannah Parker'}]

Paper: bba
PRN Range: [230021070184, 230021070185, 230021070186, 230021070187, 230021070188, 230021070189, 230021070190, 230021070191, 230021070192, 230021070193, 230021070194, 230021070195, 230021070196, 230021070197, 230021070198, 230021070199, 230021070200, 230021070201, 230021070202, 230021070203, 230021070204, 230021070205, 230021070206, 230021070207, 230021070208, 230021070209, 230021070210, 230021070211, 230021070212, 230021070213, 230021070214, 230021070215, 230021070216, 230021070217, 230021070218, 230021070219, 230021070220, 230021070221, 230021070222, 230021070223, 230021070224, 230021070225, 230021070226, 230021070227, 230021070228, 230021070229, 230021070230, 230021070231, 230021070232]
Paper: coop
PRN Range: [230021057369, 230021057370, 230021057371, 230021057372, 230021057373, 230021057374, 230021057375, 230021057376, 230021057377, 230021057378, 230021057379, 230021057380, 230021057381, 230021057382, 230021057383, 230021057384, 230021057385, 230021057386, 230021057387, 230021057388, 230021057389, 230021057390, 230021057391, 230021057392, 230021057393, 230021057394, 230021057395, 230021057396, 230021057397, 230021057398, 230021057399, 230021057400, 230021057401, 230021057402, 230021057403, 230021057404, 230021057405, 230021057406, 230021057407, 230021057408, 230021057409, 230021057410, 230021057411, 230021057412, 230021057413, 230021057414, 230021057415, 230021057416, 230021057417]
Paper: chemistry
PRN Range: [230021023733, 230021023734, 230021023735, 230021023736, 230021023737, 230021023738, 230021023739, 230021023740, 230021023741, 230021023742, 230021023743, 230021023744, 230021023745, 230021023746, 230021023747, 230021023748, 230021023749, 230021023750, 230021023751, 230021023752, 230021023753, 230021023754, 230021023755, 230021023756, 230021023757]
Paper: maths
PRN Range: [230021028001, 230021028002, 230021028003, 230021028004, 230021028006, 230021028007, 230021028008, 230021028009, 230021028010, 230021028011, 230021028012, 230021028013, 230021028015, 230021028016, 230021028017, 230021028018, 230021028019, 230021028020, 230021028021, 230021028022, 230021028023, 230021028024, 230021028025, 230021028026, 230021028027]
Paper: physics
PRN Range: [230021030497, 230021030498, 230021030499, 230021030500, 230021030501, 230021030502, 230021030503, 230021030505, 230021030506, 230021030507, 230021030508, 230021030509, 230021030510, 230021030511, 230021030512, 230021030513]
Paper: cs
PRN Range: [230021024383, 230021024384, 230021024385, 230021024386, 230021024387, 230021024388, 230021024389, 230021024390, 230021024391, 230021024392, 230021024393, 230021024394, 230021024395, 230021024396, 230021024397, 230021024398]

